0 0 0 0 0 0 0 0 0 0 0 0 0 0 0 0 0 0 0 0 0 Isinya apa aja mau tulisnya apa sajalah sudah lelah 
1 1 1 1 1 1 1 1 1 1 1 1 1 1 1 1 1 1 1 1 1 this is burn out try it you're self
2 2 2 2 2 2 2 2 2 2 2 2 2 2 2 2 2 2 2 2 2 Sleep is a medicine 
3 3 3 3 3 3 3 3 3 3 3 3 3 3 3 3 3 3 3 3 3 need sleep
4 4 4 4 4 4 4 4 4 4 4 4 4 4 4 4 4 4 4 4 4 so sleepy
5 5 5 5 5 5 5 5 5 5 5 5 5 5 5 5 5 5 5 5 5 hungry 
6 6 6 6 6 6 6 6 6 6 6 6 6 6 6 6 6 6 6 6 6 
7 7 7 7 7 7 7 7 7 7 7 7 7 7 7 7 7 7 7 7 
8 8 8 8 8 8 8 8 8 8 8 8 8 8 8 8 8 8 8 
9 9 9 9 9 9 9 9 9 9 9 9 9 9 9 9 9 9 
10 10 10 10 10 10 10 10 10 10 10 10 10 10 10 10 10 
11 11 11 11 11 11 11 11 11 11 11 11 11 11 11 11 
12 12 12 12 12 12 12 12 12 12 12 12 12 12 12 
13 13 13 13 13 13 13 13 13 13 13 13 13 13 
14 14 14 14 14 14 14 14 14 14 14 14 14 
15 15 15 15 15 15 15 15 15 15 15 15 
16 16 16 16 16 16 16 16 16 16 16 
17 17 17 17 17 17 17 17 17 17 
18 18 18 18 18 18 18 18 18 
19 19 19 19 19 19 19 19 
20 20 20 20 20 20 20 
21 21 21 21 21 21 
22 22 22 22 22 
23 23 23 23 
24 24 24 
25 25 
26 
